# Linux ext2
8 653
16 71
24 39
32 35
40 32
48 33
56 38
64 29
72 23
80 27
88 21
96 52
104 35
112 20
120 22
128 20
136 22
144 16
152 28
160 11
168 13
176 16
184 22
192 20
200 14
208 16
216 20
224 28
232 11
240 9
248 15
256 17
264 13
272 16
280 10
288 14
296 10
304 12
312 10
320 9
328 3
336 8
344 7
352 3
360 6
368 5
376 5
384 4
392 4
400 8
408 4
416 2
424 5
432 8
440 2
448 6
456 4
464 5
472 2
480 3
488 3
496 4
504 1
512 2
520 3
528 3
536 4
544 6
552 2
568 3
576 4
584 1
592 3
600 4
608 5
616 5
624 2
640 1
648 4
656 2
680 4
688 5
696 2
704 1
720 1
728 2
736 2
752 1
760 3
776 1
784 1
792 2
800 4
816 2
824 4
832 1
872 3
880 5
888 2
896 4
912 1
920 3
936 6
944 11
952 8
960 11
968 8
976 18
984 16
992 14
1000 29
1008 26
1016 34
1024 108


# Linux ext3
8 506
16 53
24 27
32 21
40 32
48 25
56 23
64 32
72 23
80 24
88 20
96 26
104 23
112 17
120 19
128 19
136 18
144 12
152 17
160 16
168 11
176 17
184 25
192 21
200 12
208 15
216 17
224 18
232 12
240 12
248 14
256 16
264 12
272 12
280 8
288 11
296 12
304 7
312 7
320 2
328 10
336 4
344 4
352 2
360 9
368 9
376 1
384 2
392 2
400 1
408 3
416 1
424 4
432 2
440 4
448 2
456 1
464 5
472 7
480 7
488 1
496 4
504 2
512 2
520 1
536 1
544 3
552 1
560 1
568 2
584 2
592 1
600 1
624 3
632 1
640 2
648 1
664 2
680 1
688 2
704 1
720 1
736 2
752 1
760 1
768 2
784 1
792 1
808 4
816 5
824 1
848 1
856 1
864 2
872 2
880 1
896 2
904 1
912 2
928 2
936 8
944 10
952 9
960 15
968 12
976 23
984 21
992 21
1000 28
1008 39
1016 55
1024 104


# Kudos ext2
8 2706
16 96
24 39
32 39
40 24
48 28
56 22
64 31
72 19
80 16
88 19
96 28
104 29
112 55
120 50
128 38
136 36
144 28
152 30
160 31
168 32
176 23
184 28
192 31
200 23
208 30
216 27
224 27
232 20
240 23
248 27
256 43
264 14
272 21
280 17
288 16
296 11
304 23
312 14
320 9
328 17
336 14
344 15
352 15
360 11
368 11
376 16
384 11
392 11
400 12
408 14
416 10
424 4
432 14
440 12
448 9
456 8
464 8
472 11
480 6
488 6
496 4
504 6
512 8
520 4
528 7
536 9
544 5
552 9
560 3
568 1
576 11
584 3
592 5
600 6
608 11
616 5
624 7
632 2
640 1
648 4
656 3
672 3
680 2
688 3
696 4
704 1
712 4
720 1
728 2
736 3
744 1
752 3
760 1
768 2
776 2
784 2
792 3
800 2
808 2
816 2
832 1
840 2
848 2
856 1
864 2
872 4
888 3
896 4
904 2
912 1
928 2
936 2
944 4
960 1
968 1
976 1
984 3
992 2
1000 1
1016 2
1024 126


# Kudos ext2+journal
8 7103
16 566
24 745
32 256
40 12
48 5
56 12
64 4
72 4
80 2
88 10
96 3
104 2
112 3
120 1
128 2
144 2
160 1
184 2
216 1
240 1
272 3
288 1
296 1
304 1
336 1
344 4
360 1
384 1
392 2
424 2
432 1
440 1
464 1
472 1
488 1
536 2
600 2
616 1
656 2
720 1
752 1
768 1
792 1
824 1
840 1
864 4
872 1
928 1
952 1
992 1
1008 1
1024 495
