# Linux ext2
8 653
16 724
24 763
32 798
40 830
48 863
56 901
64 930
72 953
80 980
88 1001
96 1053
104 1088
112 1108
120 1130
128 1150
136 1172
144 1188
152 1216
160 1227
168 1240
176 1256
184 1278
192 1298
200 1312
208 1328
216 1348
224 1376
232 1387
240 1396
248 1411
256 1428
264 1441
272 1457
280 1467
288 1481
296 1491
304 1503
312 1513
320 1522
328 1525
336 1533
344 1540
352 1543
360 1549
368 1554
376 1559
384 1563
392 1567
400 1575
408 1579
416 1581
424 1586
432 1594
440 1596
448 1602
456 1606
464 1611
472 1613
480 1616
488 1619
496 1623
504 1624
512 1626
520 1629
528 1632
536 1636
544 1642
552 1644
568 1647
576 1651
584 1652
592 1655
600 1659
608 1664
616 1669
624 1671
640 1672
648 1676
656 1678
680 1682
688 1687
696 1689
704 1690
720 1691
728 1693
736 1695
752 1696
760 1699
776 1700
784 1701
792 1703
800 1707
816 1709
824 1713
832 1714
872 1717
880 1722
888 1724
896 1728
912 1729
920 1732
936 1738
944 1749
952 1757
960 1768
968 1776
976 1794
984 1810
992 1824
1000 1853
1008 1879
1016 1913
1024 2021


# Linux ext3
8 506
16 559
24 586
32 607
40 639
48 664
56 687
64 719
72 742
80 766
88 786
96 812
104 835
112 852
120 871
128 890
136 908
144 920
152 937
160 953
168 964
176 981
184 1006
192 1027
200 1039
208 1054
216 1071
224 1089
232 1101
240 1113
248 1127
256 1143
264 1155
272 1167
280 1175
288 1186
296 1198
304 1205
312 1212
320 1214
328 1224
336 1228
344 1232
352 1234
360 1243
368 1252
376 1253
384 1255
392 1257
400 1258
408 1261
416 1262
424 1266
432 1268
440 1272
448 1274
456 1275
464 1280
472 1287
480 1294
488 1295
496 1299
504 1301
512 1303
520 1304
536 1305
544 1308
552 1309
560 1310
568 1312
584 1314
592 1315
600 1316
624 1319
632 1320
640 1322
648 1323
664 1325
680 1326
688 1328
704 1329
720 1330
736 1332
752 1333
760 1334
768 1336
784 1337
792 1338
808 1342
816 1347
824 1348
848 1349
856 1350
864 1352
872 1354
880 1355
896 1357
904 1358
912 1360
928 1362
936 1370
944 1380
952 1389
960 1404
968 1416
976 1439
984 1460
992 1481
1000 1509
1008 1548
1016 1603
1024 1707


# Kudos ext2
8 2706
16 2802
24 2841
32 2880
40 2904
48 2932
56 2954
64 2985
72 3004
80 3020
88 3039
96 3067
104 3096
112 3151
120 3201
128 3239
136 3275
144 3303
152 3333
160 3364
168 3396
176 3419
184 3447
192 3478
200 3501
208 3531
216 3558
224 3585
232 3605
240 3628
248 3655
256 3698
264 3712
272 3733
280 3750
288 3766
296 3777
304 3800
312 3814
320 3823
328 3840
336 3854
344 3869
352 3884
360 3895
368 3906
376 3922
384 3933
392 3944
400 3956
408 3970
416 3980
424 3984
432 3998
440 4010
448 4019
456 4027
464 4035
472 4046
480 4052
488 4058
496 4062
504 4068
512 4076
520 4080
528 4087
536 4096
544 4101
552 4110
560 4113
568 4114
576 4125
584 4128
592 4133
600 4139
608 4150
616 4155
624 4162
632 4164
640 4165
648 4169
656 4172
672 4175
680 4177
688 4180
696 4184
704 4185
712 4189
720 4190
728 4192
736 4195
744 4196
752 4199
760 4200
768 4202
776 4204
784 4206
792 4209
800 4211
808 4213
816 4215
832 4216
840 4218
848 4220
856 4221
864 4223
872 4227
888 4230
896 4234
904 4236
912 4237
928 4239
936 4241
944 4245
960 4246
968 4247
976 4248
984 4251
992 4253
1000 4254
1016 4256
1024 4382


# Kudos ext2+journal
8 7103
16 7669
24 8414
32 8670
40 8682
48 8687
56 8699
64 8703
72 8707
80 8709
88 8719
96 8722
104 8724
112 8727
120 8728
128 8730
144 8732
160 8733
184 8735
216 8736
240 8737
272 8740
288 8741
296 8742
304 8743
336 8744
344 8748
360 8749
384 8750
392 8752
424 8754
432 8755
440 8756
464 8757
472 8758
488 8759
536 8761
600 8763
616 8764
656 8766
720 8767
752 8768
768 8769
792 8770
824 8771
840 8772
864 8776
872 8777
928 8778
952 8779
992 8780
1008 8781
1024 9276
