# totals:
# bit   byte   noop i->y ->n total ndeps  nwrefs data
# 1 none, 3 hard patches, 5 overlap merging, 7 hard patches + overlap merging
#
# untar, rm
1 84724 385229 68036 0   0 537989 1142364  68036 480914017
2 0 0 0 0 0 0 0 0 0
3 84718 384364 68303 0 254 537131 1365794 133447 215671656
4 0 0 0 0 0 0 0 0 0
5 26281 159522 68036 0   0 253839 1178172  68036 267856639
6 0 0 0 0 0 0 0 0 0
7 25880 183300 67726 0  77 276829 1233313 133048   1305002
8 0 0 0 0 0 0 0 0 0


1 0 0 0 0 0 0 0 0 0
2 84724 103900  4442 0   0 193066  537415   4442   3325246
3 0 0 0 0 0 0 0 0 0
4 40952  42300  4440 0   0  87692  348930   4440   1913979
5 0 0 0 0 0 0 0 0 0
6 25383  24970  3818 0   0  54171  365521   5612    675300
7 0 0 0 0 0 0 0 0 0
8 64630 103903  3818 0   0 172351  681537   5612   3298769